1.342445915630347431e+00 1.291854092842786184e+00 1.222432245749060398e+00 1.134366872358160139e+00 1.006871657186115154e+00 9.108328569366270777e-01 7.820155553804514215e-01 6.689240735443162666e-01 5.190344328250370287e-01 4.076884518450960004e-01 2.956444755267285673e-01 2.074704700938381219e-01 1.462532201368840767e-01 1.167840096006553668e-01 6.270723568882366483e-02 1.632673165564432066e-02 9.400668520495194733e-03 2.871316732918906961e-02 5.415483358286079379e-02 7.706635028478990568e-02 -2.668241842200712033e-01 5.887915735395689021e-01 2.699309432368928729e-01
1.291854092842786184e+00 1.250775999619994971e+00 1.191650893392062871e+00 1.113636691697622139e+00 9.949671587524074878e-01 9.062458215479902712e-01 7.827497515509184156e-01 6.735523420528862770e-01 5.282620736582001042e-01 4.189969383886585907e-01 3.097825251395324164e-01 2.236780978917255192e-01 1.635367851526307870e-01 1.316637744818354716e-01 7.907869801198658122e-02 3.871993246094072860e-02 3.201307176814981864e-02 5.066069854384477877e-02 7.567315793895838805e-02 9.851735564600888617e-02 -2.527939933264713446e-01 5.821254515586293810e-01 2.732840485533475916e-01
1.222432245749060398e+00 1.191650893392062871e+00 1.146937937619278536e+00 1.081892485110747870e+00 9.756725369925053348e-01 8.964053279104617911e-01 7.807085121267423045e-01 6.772663933535767455e-01 5.383006776857355291e-01 4.322845779998409355e-01 3.261729667025417556e-01 2.416148897832086362e-01 1.819413602357073112e-01 1.473647780981292010e-01 9.614842529733666487e-02 5.697098272659188029e-02 5.132040847759759133e-02 6.918466296466999066e-02 9.352657600450703379e-02 1.160481374215994316e-01 -2.302884972865150426e-01 5.802066972875186135e-01 2.804670040237024486e-01
1.134366872358160139e+00 1.113636691697622139e+00 1.081892485110747870e+00 1.032417742647136372e+00 9.432119661570688152e-01 8.755700899817824290e-01 7.714915603028548174e-01 6.767597699178616866e-01 5.474615118420992355e-01 4.469537783770137218e-01 3.455553315912888168e-01 2.637734456910447167e-01 2.055507423149333379e-01 1.671933103075695926e-01 1.152369145987554577e-01 7.502620281379714096e-02 6.856017214720325215e-02 8.442652191772841153e-02 1.070688096637445880e-01 1.283005793689011576e-01 -1.983605738329828894e-01 5.845436973576182416e-01 2.915861828533228839e-01
1.006871657186115154e+00 9.949671587524074878e-01 9.756725369925053348e-01 9.432119661570688152e-01 8.797525110585048269e-01 8.260879917053653987e-01 7.408170890496418304e-01 6.599167975309372380e-01 5.466072247897233449e-01 4.556061618612621267e-01 3.615991740411078625e-01 2.845693322191120145e-01 2.299467401904953245e-01 1.891131119469433575e-01 1.336921334462201072e-01 8.409399670661701909e-02 7.243361196710303151e-02 8.368492557983318869e-02 1.021037366313758410e-01 1.196084490025032809e-01 -1.376998550547981759e-01 5.813224965749349549e-01 3.005472176476530199e-01
9.108328569366270777e-01 9.062458215479902712e-01 8.964053279104617911e-01 8.755700899817824290e-01 8.260879917053653987e-01 7.885855035816025094e-01 7.178271012628972825e-01 6.496008596788666045e-01 5.489315372416533334e-01 4.652979109161735072e-01 3.778851560858044745e-01 3.040622580559424470e-01 2.496133040830104677e-01 2.018427709434006123e-01 1.448834207553519327e-01 9.462958958530251485e-02 8.252401335459257081e-02 9.365015040939472790e-02 1.113624620562499029e-01 1.285613885938656498e-01 -1.238676526795472188e-01 5.813902636093993825e-01 3.077496051154460233e-01
7.820155553804514215e-01 7.827497515509184156e-01 7.807085121267423045e-01 7.714915603028548174e-01 7.408170890496418304e-01 7.178271012628972825e-01 6.695048801270058192e-01 6.178261866244413314e-01 5.366284343985968652e-01 4.651638399310485394e-01 3.877255344816880056e-01 3.206245811103903276e-01 2.695026967925869266e-01 2.178783327262759639e-01 1.566060620655185531e-01 9.845967533025758167e-02 8.141559978420376265e-02 8.862591867585167815e-02 1.020268900868966794e-01 1.154154804528193523e-01 -7.848200038021097003e-02 5.638271171505024881e-01 3.057000941248110837e-01
6.689240735443162666e-01 6.735523420528862770e-01 6.772663933535767455e-01 6.767597699178616866e-01 6.599167975309372380e-01 6.496008596788666045e-01 6.178261866244413314e-01 5.854350716926290943e-01 5.227481007372167809e-01 4.648810168411974253e-01 3.994201641272410730e-01 3.403389786036036257e-01 2.925312719431601427e-01 2.390920735385088924e-01 1.726667400151372656e-01 1.099801379297598580e-01 9.051786167973467634e-02 9.443784101996458014e-02 1.042430442679594116e-01 1.143374816910465441e-01 -5.661206579369944258e-02 5.473001649530611079e-01 2.995684559557220683e-01
5.190344328250370287e-01 5.282620736582001042e-01 5.383006776857355291e-01 5.474615118420992355e-01 5.466072247897233449e-01 5.489315372416533334e-01 5.366284343985968652e-01 5.227481007372167809e-01 4.900067628719412816e-01 4.525022892917107131e-01 4.063081787069048323e-01 3.633510225515242387e-01 3.257648525675063689e-01 2.828621830009698801e-01 2.187347403228390164e-01 1.504872483559420993e-01 1.284171875710732880e-01 1.280904990082364359e-01 1.333764600791470800e-01 1.393054745626729762e-01 -2.549960719802961753e-02 4.987724326882730930e-01 2.782671773373320279e-01
4.076884518450960004e-01 4.189969383886585907e-01 4.322845779998409355e-01 4.469537783770137218e-01 4.556061618612621267e-01 4.652979109161735072e-01 4.651638399310485394e-01 4.648810168411974253e-01 4.525022892917107131e-01 4.395756450315557728e-01 4.134287544500442335e-01 3.896786513845416633e-01 3.673765280919500387e-01 3.321710147019664161e-01 2.717374004664990239e-01 2.016037159813340862e-01 1.775323126332097046e-01 1.750423195390270470e-01 1.781447335917224761e-01 1.821406881212669637e-01 -9.388552100165434636e-03 4.632371098441465662e-01 2.611397167055619084e-01
2.956444755267285673e-01 3.097825251395324164e-01 3.261729667025417556e-01 3.455553315912888168e-01 3.615991740411078625e-01 3.778851560858044745e-01 3.877255344816880056e-01 3.994201641272410730e-01 4.063081787069048323e-01 4.134287544500442335e-01 4.198093069587110482e-01 4.194731273631674973e-01 4.183465775661685537e-01 3.894840848338896322e-01 3.354690944572684685e-01 2.679470964108579545e-01 2.424471978674852812e-01 2.394287914915068927e-01 2.408520256713686525e-01 2.435606242403234034e-01 -2.685337201703249035e-03 4.228150616672709527e-01 2.408206322804540278e-01
2.074704700938381219e-01 2.236780978917255192e-01 2.416148897832086362e-01 2.637734456910447167e-01 2.845693322191120145e-01 3.040622580559424470e-01 3.206245811103903276e-01 3.403389786036036257e-01 3.633510225515242387e-01 3.896786513845416633e-01 4.194731273631674973e-01 4.546498366534258984e-01 4.834738515362545508e-01 4.784089769907966527e-01 4.439016950473320122e-01 3.855649740291718364e-01 3.620673204382701682e-01 3.606357067409772799e-01 3.629310387429706131e-01 3.671088641077207004e-01 -6.622269234548927228e-03 3.704486939605552420e-01 2.125401247129999338e-01
1.462532201368840767e-01 1.635367851526307870e-01 1.819413602357073112e-01 2.055507423149333379e-01 2.299467401904953245e-01 2.496133040830104677e-01 2.695026967925869266e-01 2.925312719431601427e-01 3.257648525675063689e-01 3.673765280919500387e-01 4.183465775661685537e-01 4.834738515362545508e-01 5.641461711895934261e-01 6.056384427860892483e-01 6.095011273697226173e-01 5.633896125345645434e-01 5.407864170694225425e-01 5.422980840932144497e-01 5.476549208822519832e-01 5.558080449579833049e-01 2.311055386219501920e-03 3.286506281453032141e-01 1.883492333178496680e-01
1.167840096006553668e-01 1.316637744818354716e-01 1.473647780981292010e-01 1.671933103075695926e-01 1.891131119469433575e-01 2.018427709434006123e-01 2.178783327262759639e-01 2.390920735385088924e-01 2.828621830009698801e-01 3.321710147019664161e-01 3.894840848338896322e-01 4.784089769907966527e-01 6.056384427860892483e-01 8.416599532216828550e-01 9.317737852106967589e-01 9.047794700319765626e-01 8.896168822220069661e-01 8.989034043394348306e-01 9.105355746168020126e-01 9.261503613749044739e-01 -7.621559615316440134e-03 2.164402498558568311e-01 1.145134707543282865e-01
6.270723568882366483e-02 7.907869801198658122e-02 9.614842529733666487e-02 1.152369145987554577e-01 1.336921334462201072e-01 1.448834207553519327e-01 1.566060620655185531e-01 1.726667400151372656e-01 2.187347403228390164e-01 2.717374004664990239e-01 3.354690944572684685e-01 4.439016950473320122e-01 6.095011273697226173e-01 9.317737852106967589e-01 1.163051522881972444e+00 1.183890031002841514e+00 1.182896920827066545e+00 1.206483110522084123e+00 1.231407629437787365e+00 1.261644183628595206e+00 -4.009820019053773887e-02 7.293685403780134080e-02 3.240625600499420778e-02
1.632673165564432066e-02 3.871993246094072860e-02 5.697098272659188029e-02 7.502620281379714096e-02 8.409399670661701909e-02 9.462958958530251485e-02 9.845967533025758167e-02 1.099801379297598580e-01 1.504872483559420993e-01 2.016037159813340862e-01 2.679470964108579545e-01 3.855649740291718364e-01 5.633896125345645434e-01 9.047794700319765626e-01 1.183890031002841514e+00 1.367255596632905190e+00 1.389606191263775603e+00 1.424461942801208192e+00 1.460270384187830617e+00 1.502476157395549405e+00 -1.828922229155756640e-01 -1.103542180788044808e-01 -7.676056473846575023e-02
9.400668520495194733e-03 3.201307176814981864e-02 5.132040847759759133e-02 6.856017214720325215e-02 7.243361196710303151e-02 8.252401335459257081e-02 8.141559978420376265e-02 9.051786167973467634e-02 1.284171875710732880e-01 1.775323126332097046e-01 2.424471978674852812e-01 3.620673204382701682e-01 5.407864170694225425e-01 8.896168822220069661e-01 1.182896920827066545e+00 1.389606191263775603e+00 1.492272906049733505e+00 1.536008867731405214e+00 1.577675410557872748e+00 1.628509786936784831e+00 -2.428952373819025790e-01 -1.717346563609553067e-01 -1.123608622500018306e-01
2.871316732918906961e-02 5.066069854384477877e-02 6.918466296466999066e-02 8.442652191772841153e-02 8.368492557983318869e-02 9.365015040939472790e-02 8.862591867585167815e-02 9.443784101996458014e-02 1.280904990082364359e-01 1.750423195390270470e-01 2.394287914915068927e-01 3.606357067409772799e-01 5.422980840932144497e-01 8.989034043394348306e-01 1.206483110522084123e+00 1.424461942801208192e+00 1.536008867731405214e+00 1.603652036268453207e+00 1.655544300764715926e+00 1.719319823181446827e+00 -2.786302351831443369e-01 -1.626208241044412306e-01 -1.100211792313711273e-01
5.415483358286079379e-02 7.567315793895838805e-02 9.352657600450703379e-02 1.070688096637445880e-01 1.021037366313758410e-01 1.113624620562499029e-01 1.020268900868966794e-01 1.042430442679594116e-01 1.333764600791470800e-01 1.781447335917224761e-01 2.408520256713686525e-01 3.629310387429706131e-01 5.476549208822519832e-01 9.105355746168020126e-01 1.231407629437787365e+00 1.460270384187830617e+00 1.577675410557872748e+00 1.655544300764715926e+00 1.725752633597675167e+00 1.802286413096663820e+00 -3.119108597862964571e-01 -1.429666723097803294e-01 -1.020828685554408533e-01
7.706635028478990568e-02 9.851735564600888617e-02 1.160481374215994316e-01 1.283005793689011576e-01 1.196084490025032809e-01 1.285613885938656498e-01 1.154154804528193523e-01 1.143374816910465441e-01 1.393054745626729762e-01 1.821406881212669637e-01 2.435606242403234034e-01 3.671088641077207004e-01 5.558080449579833049e-01 9.261503613749044739e-01 1.261644183628595206e+00 1.502476157395549405e+00 1.628509786936784831e+00 1.719319823181446827e+00 1.802286413096663820e+00 1.891407962270708953e+00 -3.395724725662033761e-01 -1.295851118286421855e-01 -9.689155717400445289e-02
-2.668241842200712033e-01 -2.527939933264713446e-01 -2.302884972865150426e-01 -1.983605738329828894e-01 -1.376998550547981759e-01 -1.238676526795472188e-01 -7.848200038021097003e-02 -5.661206579369944258e-02 -2.549960719802961753e-02 -9.388552100165434636e-03 -2.685337201703249035e-03 -6.622269234548927228e-03 2.311055386219501920e-03 -7.621559615316440134e-03 -4.009820019053773887e-02 -1.828922229155756640e-01 -2.428952373819025790e-01 -2.786302351831443369e-01 -3.119108597862964571e-01 -3.395724725662033761e-01 1.059363581088551998e+00 -8.408448182898173306e-02 4.507097696628783318e-02
5.887915735395689021e-01 5.821254515586293810e-01 5.802066972875186135e-01 5.845436973576182416e-01 5.813224965749349549e-01 5.813902636093993825e-01 5.638271171505024881e-01 5.473001649530611079e-01 4.987724326882730930e-01 4.632371098441465662e-01 4.228150616672709527e-01 3.704486939605552420e-01 3.286506281453032141e-01 2.164402498558568311e-01 7.293685403780134080e-02 -1.103542180788044808e-01 -1.717346563609553067e-01 -1.626208241044412306e-01 -1.429666723097803294e-01 -1.295851118286421855e-01 -8.408448182898173306e-02 1.134563043755284273e+00 6.175717971405598750e-01
2.699309432368928729e-01 2.732840485533475916e-01 2.804670040237024486e-01 2.915861828533228839e-01 3.005472176476530199e-01 3.077496051154460233e-01 3.057000941248110837e-01 2.995684559557220683e-01 2.782671773373320279e-01 2.611397167055619084e-01 2.408206322804540278e-01 2.125401247129999338e-01 1.883492333178496680e-01 1.145134707543282865e-01 3.240625600499420778e-02 -7.676056473846575023e-02 -1.123608622500018306e-01 -1.100211792313711273e-01 -1.020828685554408533e-01 -9.689155717400445289e-02 4.507097696628783318e-02 6.175717971405598750e-01 3.666052691852830780e-01
