1.322690014683132853e+00 1.285734032984413799e+00 1.231783271621190945e+00 1.142565772347104991e+00 9.985847048148679406e-01 9.115644603470010043e-01 7.746557842305992203e-01 6.532433126918461008e-01 5.048401303884381131e-01 3.900424448726823590e-01 2.902418580927374481e-01 1.995232288091671469e-01 1.198312395580707485e-01 3.222902325106539317e-02 -7.147896289211304321e-02 -1.644391659684817653e-01 -1.948712698901216012e-01 -2.060945028295080028e-01 -2.185343915268344595e-01 -2.336523787933893204e-01 -4.542723927220823632e-01 5.320924477636305161e-01 2.545975282670023265e-01
1.285734032984413799e+00 1.260656341943151570e+00 1.218122934599048968e+00 1.140585807214032465e+00 1.006548775201902890e+00 9.263659737866056787e-01 7.948367628328076862e-01 6.768997654248554152e-01 5.309696312221312553e-01 4.174171805951900072e-01 3.175316357939728662e-01 2.259150355253084497e-01 1.447726501721070536e-01 5.255522070529295570e-02 -5.107856826866841865e-02 -1.428221728733543028e-01 -1.766490536607327189e-01 -1.906156464969906428e-01 -2.057526339487175671e-01 -2.232125360710133510e-01 -4.179736563705488961e-01 5.501748683267659867e-01 2.720324674412291088e-01
1.231783271621190945e+00 1.218122934599048968e+00 1.188291591263897384e+00 1.124020199080824067e+00 1.003156899384207934e+00 9.318536766315367315e-01 8.080754391433495609e-01 6.959072672000196080e-01 5.543516888254579333e-01 4.431979317133004082e-01 3.440864637110236934e-01 2.522879728755074713e-01 1.700620288553533754e-01 7.423432701821852664e-02 -2.767013081845502362e-02 -1.177840974673829422e-01 -1.536397511240662483e-01 -1.707700266460209781e-01 -1.890281094676756202e-01 -2.092333064497583495e-01 -3.789221302880131925e-01 5.650478540921405335e-01 2.884094523283516343e-01
1.142565772347104991e+00 1.140585807214032465e+00 1.124020199080824067e+00 1.077527355636132667e+00 9.761922370463965715e-01 9.180540842519789857e-01 8.073725346623263910e-01 7.050983518109613657e-01 5.724285725043533057e-01 4.666733790374630875e-01 3.709387741456598442e-01 2.812990923241886487e-01 1.999174970971014653e-01 1.008058643513011776e-01 2.857933357555418868e-03 -8.436358702389269715e-02 -1.209817663777888602e-01 -1.412878634836707004e-01 -1.626908492819988394e-01 -1.855335858478509292e-01 -3.346158244302433471e-01 5.772386925111561151e-01 3.044834246962286328e-01
9.985847048148679406e-01 1.006548775201902890e+00 1.003156899384207934e+00 9.761922370463965715e-01 9.055623104563123027e-01 8.626428323730103154e-01 7.737868955424009876e-01 6.884176894499518529e-01 5.734019101260068307e-01 4.781751654821821962e-01 3.901662539824247711e-01 3.064043715932896483e-01 2.292359547263770614e-01 1.310941835704798331e-01 3.778433780381482143e-02 -4.676964384138697362e-02 -8.575261314796653322e-02 -1.101757902162661673e-01 -1.356828540783883152e-01 -1.619741837045025890e-01 -2.626204117099160129e-01 5.620900619600830428e-01 3.075763148959938520e-01
9.115644603470010043e-01 9.263659737866056787e-01 9.318536766315367315e-01 9.180540842519789857e-01 8.626428323730103154e-01 8.350975080793595628e-01 7.611809147969883504e-01 6.895344716858557987e-01 5.858066636529676297e-01 4.979144713221797525e-01 4.144261122026098865e-01 3.332377662993896705e-01 2.558008095932154391e-01 1.542152776958019833e-01 6.218650241162636955e-02 -2.018120893518420000e-02 -6.115538350710606613e-02 -8.954107882266207352e-02 -1.191475358963001441e-01 -1.490649289407140754e-01 -2.434559347576228938e-01 5.735228893639909842e-01 3.196573179971756717e-01
7.746557842305992203e-01 7.948367628328076862e-01 8.080754391433495609e-01 8.073725346623263910e-01 7.737868955424009876e-01 7.611809147969883504e-01 7.105782605865904600e-01 6.581975834797172409e-01 5.747351770227329126e-01 5.004486891358189693e-01 4.268874067009474915e-01 3.533091035361191068e-01 2.794485077603373613e-01 1.805654899341467556e-01 9.071366896369245647e-02 8.368990353913540597e-03 -3.724236266637153542e-02 -7.100168422437659610e-02 -1.059299098790905530e-01 -1.405933259710665795e-01 -1.886447134723605867e-01 5.471127730360850761e-01 3.124626450127864774e-01
6.532433126918461008e-01 6.768997654248554152e-01 6.959072672000196080e-01 7.050983518109613657e-01 6.884176894499518529e-01 6.895344716858557987e-01 6.581975834797172409e-01 6.258624584176719630e-01 5.625237941195880831e-01 5.022320604107231024e-01 4.393513731416495149e-01 3.737295508211959660e-01 3.031325505993227032e-01 2.075481142797940270e-01 1.185807520928634506e-01 3.720269138630914046e-02 -1.106068963087529153e-02 -4.906165036280556863e-02 -8.833406354374340186e-02 -1.269840807205837585e-01 -1.594434282394303348e-01 5.255712544104912398e-01 3.044917381733364126e-01
5.048401303884381131e-01 5.309696312221312553e-01 5.543516888254579333e-01 5.724285725043533057e-01 5.734019101260068307e-01 5.858066636529676297e-01 5.747351770227329126e-01 5.625237941195880831e-01 5.243204862934589539e-01 4.832885049195380645e-01 4.373073600405861239e-01 3.866330758563317760e-01 3.270182359804308936e-01 2.423828426929970359e-01 1.609543570442005800e-01 8.433310090606986609e-02 3.685863221851824051e-02 -3.697398751933618846e-03 -4.507273799162307693e-02 -8.550278048678945642e-02 -1.113523040710075740e-01 4.734390642454914810e-01 2.794026133932427935e-01
3.900424448726823590e-01 4.174171805951900072e-01 4.431979317133004082e-01 4.666733790374630875e-01 4.781751654821821962e-01 4.979144713221797525e-01 5.004486891358189693e-01 5.022320604107231024e-01 4.832885049195380645e-01 4.618868591285212877e-01 4.353075006081947862e-01 4.027833133087943551e-01 3.574472716892793112e-01 2.866289567236776081e-01 2.150838589333486650e-01 1.472630349264228422e-01 1.036404108161449455e-01 6.405843794116172774e-02 2.406779206385397871e-02 -1.477895966959956453e-02 -8.557702061038502395e-02 4.323544375892866554e-01 2.586609200395648678e-01
2.902418580927374481e-01 3.175316357939728662e-01 3.440864637110236934e-01 3.709387741456598442e-01 3.901662539824247711e-01 4.144261122026098865e-01 4.268874067009474915e-01 4.393513731416495149e-01 4.373073600405861239e-01 4.353075006081947862e-01 4.329143948637713679e-01 4.248668690510364332e-01 4.008390306352273003e-01 3.503086207430947674e-01 2.967668420138943053e-01 2.424950514108978328e-01 2.068621039360512837e-01 1.724116000509508528e-01 1.381499815957837607e-01 1.052586535343290330e-01 -7.201833367453176760e-02 3.963957645229980176e-01 2.391646211768223562e-01
1.995232288091671469e-01 2.259150355253084497e-01 2.522879728755074713e-01 2.812990923241886487e-01 3.064043715932896483e-01 3.332377662993896705e-01 3.533091035361191068e-01 3.737295508211959660e-01 3.866330758563317760e-01 4.027833133087943551e-01 4.248668690510364332e-01 4.469303426752244679e-01 4.544678794442543190e-01 4.337698227114880623e-01 4.097432408437903240e-01 3.795603077097287614e-01 3.602477175742343496e-01 3.393997564050615368e-01 3.192570589214268617e-01 3.010991360103411063e-01 -5.828508153286209720e-02 3.559784861454303173e-01 2.163651158855356416e-01
1.198312395580707485e-01 1.447726501721070536e-01 1.700620288553533754e-01 1.999174970971014653e-01 2.292359547263770614e-01 2.558008095932154391e-01 2.794485077603373613e-01 3.031325505993227032e-01 3.270182359804308936e-01 3.574472716892793112e-01 4.008390306352273003e-01 4.544678794442543190e-01 5.085545745979660470e-01 5.281820144162304720e-01 5.515245762565935683e-01 5.565118336617242978e-01 5.666605895255495406e-01 5.719443118442316676e-01 5.779823375717011436e-01 5.871584857515755873e-01 -3.605816939765629087e-02 3.066203334769172506e-01 1.884901847615036430e-01
3.222902325106539317e-02 5.255522070529295570e-02 7.423432701821852664e-02 1.008058643513011776e-01 1.310941835704798331e-01 1.542152776958019833e-01 1.805654899341467556e-01 2.075481142797940270e-01 2.423828426929970359e-01 2.866289567236776081e-01 3.503086207430947674e-01 4.337698227114880623e-01 5.281820144162304720e-01 6.214430757805061711e-01 6.947174725473614920e-01 7.392810263262039605e-01 7.876553738021313533e-01 8.252225044199716919e-01 8.634566562691358138e-01 9.063039149308561582e-01 2.152284105499561659e-02 2.162076345091022145e-01 1.364283197352617327e-01
-7.147896289211304321e-02 -5.107856826866841865e-02 -2.767013081845502362e-02 2.857933357555418868e-03 3.778433780381482143e-02 6.218650241162636955e-02 9.071366896369245647e-02 1.185807520928634506e-01 1.609543570442005800e-01 2.150838589333486650e-01 2.967668420138943053e-01 4.097432408437903240e-01 5.515245762565935683e-01 6.947174725473614920e-01 8.982954711358244193e-01 9.827860637999279447e-01 1.075206520762629792e+00 1.152546437310580041e+00 1.230531025321665251e+00 1.314933047912391295e+00 8.886630695626256127e-02 1.199581126381071838e-01 8.836427092425648555e-02
-1.644391659684817653e-01 -1.428221728733543028e-01 -1.177840974673829422e-01 -8.436358702389269715e-02 -4.676964384138697362e-02 -2.018120893518420000e-02 8.368990353913540597e-03 3.720269138630914046e-02 8.433310090606986609e-02 1.472630349264228422e-01 2.424950514108978328e-01 3.795603077097287614e-01 5.565118336617242978e-01 7.392810263262039605e-01 9.827860637999279447e-01 1.165195033747455255e+00 1.289944787799359061e+00 1.402612061311113489e+00 1.516047698799489307e+00 1.637881098508286337e+00 7.983049572482996126e-02 6.618064971352592696e-02 5.638421837170436157e-02
-1.948712698901216012e-01 -1.766490536607327189e-01 -1.536397511240662483e-01 -1.209817663777888602e-01 -8.575261314796653322e-02 -6.115538350710606613e-02 -3.724236266637153542e-02 -1.106068963087529153e-02 3.685863221851824051e-02 1.036404108161449455e-01 2.068621039360512837e-01 3.602477175742343496e-01 5.666605895255495406e-01 7.876553738021313533e-01 1.075206520762629792e+00 1.289944787799359061e+00 1.512982247023571425e+00 1.665373292490054613e+00 1.819387171110019796e+00 1.986385747146964809e+00 5.130769762918087340e-02 5.690402913006313568e-02 4.727939362324677652e-02
-2.060945028295080028e-01 -1.906156464969906428e-01 -1.707700266460209781e-01 -1.412878634836707004e-01 -1.101757902162661673e-01 -8.954107882266207352e-02 -7.100168422437659610e-02 -4.906165036280556863e-02 -3.697398751933618846e-03 6.405843794116172774e-02 1.724116000509508528e-01 3.393997564050615368e-01 5.719443118442316676e-01 8.252225044199716919e-01 1.152546437310580041e+00 1.402612061311113489e+00 1.665373292490054613e+00 1.866585480086362825e+00 2.057760941445590852e+00 2.266414066694975915e+00 -4.550209787327294010e-04 6.934266207362993484e-02 4.747197503126946577e-02
-2.185343915268344595e-01 -2.057526339487175671e-01 -1.890281094676756202e-01 -1.626908492819988394e-01 -1.356828540783883152e-01 -1.191475358963001441e-01 -1.059299098790905530e-01 -8.833406354374340186e-02 -4.507273799162307693e-02 2.406779206385397871e-02 1.381499815957837607e-01 3.192570589214268617e-01 5.779823375717011436e-01 8.634566562691358138e-01 1.230531025321665251e+00 1.516047698799489307e+00 1.819387171110019796e+00 2.057760941445590852e+00 2.295516073114006961e+00 2.545438532150378741e+00 -5.318104715204454574e-02 8.186140716737451417e-02 4.736773195997294461e-02
-2.336523787933893204e-01 -2.232125360710133510e-01 -2.092333064497583495e-01 -1.855335858478509292e-01 -1.619741837045025890e-01 -1.490649289407140754e-01 -1.405933259710665795e-01 -1.269840807205837585e-01 -8.550278048678945642e-02 -1.477895966959956453e-02 1.052586535343290330e-01 3.010991360103411063e-01 5.871584857515755873e-01 9.063039149308561582e-01 1.314933047912391295e+00 1.637881098508286337e+00 1.986385747146964809e+00 2.266414066694975915e+00 2.545438532150378741e+00 2.838018577887365446e+00 -9.674779802170180298e-02 8.850061515536955525e-02 4.496851561357689819e-02
-4.542723927220823632e-01 -4.179736563705488961e-01 -3.789221302880131925e-01 -3.346158244302433471e-01 -2.626204117099160129e-01 -2.434559347576228938e-01 -1.886447134723605867e-01 -1.594434282394303348e-01 -1.113523040710075740e-01 -8.557702061038502395e-02 -7.201833367453176760e-02 -5.828508153286209720e-02 -3.605816939765629087e-02 2.152284105499561659e-02 8.886630695626256127e-02 7.983049572482996126e-02 5.130769762918087340e-02 -4.550209787327294010e-04 -5.318104715204454574e-02 -9.674779802170180298e-02 1.110264996657698067e+00 -5.355531337718848484e-01 -1.797254623515593674e-01
5.320924477636305161e-01 5.501748683267659867e-01 5.650478540921405335e-01 5.772386925111561151e-01 5.620900619600830428e-01 5.735228893639909842e-01 5.471127730360850761e-01 5.255712544104912398e-01 4.734390642454914810e-01 4.323544375892866554e-01 3.963957645229980176e-01 3.559784861454303173e-01 3.066203334769172506e-01 2.162076345091022145e-01 1.199581126381071838e-01 6.618064971352592696e-02 5.690402913006313568e-02 6.934266207362993484e-02 8.186140716737451417e-02 8.850061515536955525e-02 -5.355531337718848484e-01 9.248657247412711557e-01 5.085253664946470797e-01
2.545975282670023265e-01 2.720324674412291088e-01 2.884094523283516343e-01 3.044834246962286328e-01 3.075763148959938520e-01 3.196573179971756717e-01 3.124626450127864774e-01 3.044917381733364126e-01 2.794026133932427935e-01 2.586609200395648678e-01 2.391646211768223562e-01 2.163651158855356416e-01 1.884901847615036430e-01 1.364283197352617327e-01 8.836427092425648555e-02 5.638421837170436157e-02 4.727939362324677652e-02 4.747197503126946577e-02 4.736773195997294461e-02 4.496851561357689819e-02 -1.797254623515593674e-01 5.085253664946470797e-01 3.083702501082304370e-01
