1.393312291188528507e+00 1.339993511396453174e+00 1.269317710492839701e+00 1.181428083585273514e+00 1.056870080752067453e+00 9.612420620056476572e-01 8.347560707111271183e-01 7.228277026965613805e-01 5.717084000493380946e-01 4.598755601845235796e-01 3.467033267841309607e-01 2.517831842536154552e-01 1.828910522718233400e-01 1.236062451816346414e-01 6.253542261878215769e-02 -1.866874929032442607e-02 -5.079988806953810582e-02 -5.186806024867029324e-02 -4.962547410849812296e-02 -4.992478510521195650e-02 -1.715751389593709042e-01 6.830775940574942418e-01 3.271105615360594410e-01
1.339993511396453174e+00 1.296188432880085895e+00 1.235809284165960253e+00 1.157970733334663604e+00 1.042238422854421920e+00 9.539278978464946768e-01 8.327631497970631180e-01 7.247288308553682112e-01 5.782089119578140979e-01 4.684569989310103377e-01 3.581143025432786953e-01 2.652668739563773248e-01 1.974731498311344535e-01 1.371610309032446073e-01 7.985358196534096675e-02 6.988518535741739153e-03 -2.287292613112310025e-02 -2.291577035055339384e-02 -1.920245737572092923e-02 -1.771869025997163671e-02 -1.575445808611841136e-01 6.764110576131300290e-01 3.304634303679607199e-01
1.269317710492839701e+00 1.235809284165960253e+00 1.189842257694980976e+00 1.124972351772441259e+00 1.021689683516964653e+00 9.428333675524628310e-01 8.294679063072062375e-01 7.271888502946268762e-01 5.869934605641653480e-01 4.804906609373609250e-01 3.732507079045697673e-01 2.819432704275674495e-01 2.146275646470877652e-01 1.528649419817236232e-01 9.854388603179424500e-02 2.928334283307782934e-02 1.668695514776979494e-03 1.510250963363688826e-03 5.439132352850700215e-03 7.438750749478847089e-03 -1.350387625835640648e-01 6.744917292874047510e-01 3.376461053587379579e-01
1.181428083585273514e+00 1.157970733334663604e+00 1.124972351772441259e+00 1.075672939022677355e+00 9.894044784573978735e-01 9.221735322525619338e-01 8.204263513834879618e-01 7.268576234616339615e-01 5.963296790681537063e-01 4.953353651598003671e-01 3.928085988830446462e-01 3.042274549024889807e-01 2.382925730691526356e-01 1.741879168128786237e-01 1.211776598865451082e-01 5.284583407648178743e-02 2.493688213785139746e-02 2.214308130187012807e-02 2.393528147124760613e-02 2.415194891779967601e-02 -1.031103320461504852e-01 6.788282554505670197e-01 3.487650303355481207e-01
1.056870080752067453e+00 1.042238422854421920e+00 1.021689683516964653e+00 9.894044784573978735e-01 9.288824594139444280e-01 8.756289260650472750e-01 7.926893916713950716e-01 7.129521821840917317e-01 5.984128709760977438e-01 5.069254124050225352e-01 4.117901079916711504e-01 3.278165607730745279e-01 2.652397892853639583e-01 2.000295048295521461e-01 1.451608358651182706e-01 6.885273881980460975e-02 3.377426678755684336e-02 2.282169895798314557e-02 1.707317616410238340e-02 1.017758546321696073e-02 -4.244886188269150068e-02 6.756070396967536196e-01 3.577261039480089111e-01
9.612420620056476572e-01 9.539278978464946768e-01 9.428333675524628310e-01 9.221735322525619338e-01 8.756289260650472750e-01 8.385375224116725645e-01 7.701105164233911227e-01 7.030474270897745237e-01 6.011482777043435366e-01 5.170285006331288846e-01 4.284873045901053668e-01 3.477812779502315044e-01 2.855056156348700358e-01 2.142182750095915911e-01 1.564171986259229596e-01 7.739860544088923711e-02 3.814950290861138932e-02 2.184650375473884062e-02 1.056019457730819275e-02 -1.527323313859621804e-03 -2.861600219452437033e-02 6.756750930680684997e-01 3.649287188236188806e-01
8.347560707111271183e-01 8.327631497970631180e-01 8.294679063072062375e-01 8.204263513834879618e-01 7.926893916713950716e-01 7.701105164233911227e-01 7.241197017130868163e-01 6.736041912894804584e-01 5.911766332974517368e-01 5.192261295434078550e-01 4.406593965649795996e-01 3.666942557511218004e-01 3.077673329482883968e-01 2.336160060223330115e-01 1.699786116899284771e-01 8.052645656477867842e-02 3.070059171832323353e-02 3.286538196154204297e-03 -1.906038901917016595e-02 -4.177609859036979234e-02 1.677051043113011314e-02 6.581116030367252234e-01 3.628792210646780703e-01
7.228277026965613805e-01 7.247288308553682112e-01 7.271888502946268762e-01 7.268576234616339615e-01 7.129521821840917317e-01 7.030474270897745237e-01 6.736041912894804584e-01 6.423763217517051149e-01 5.784593792152878944e-01 5.201064204978260719e-01 4.535169845319888537e-01 3.875817723401090986e-01 3.320391938595291248e-01 2.567460140018296699e-01 1.881091345989386598e-01 9.292705465746291249e-02 3.833231721615730503e-02 3.535486105063038575e-03 -2.614002188536541579e-02 -5.592398847995698474e-02 3.864159067645608903e-02 6.415849769073531661e-01 3.567478093076459911e-01
5.717084000493380946e-01 5.782089119578140979e-01 5.869934605641653480e-01 5.963296790681537063e-01 5.984128709760977438e-01 6.011482777043435366e-01 5.911766332974517368e-01 5.784593792152878944e-01 5.444879845819612374e-01 5.064978718079241604e-01 4.591751213149075084e-01 4.093151696484993995e-01 3.640073347712711183e-01 3.001483096147676277e-01 2.413752502099144048e-01 1.498756280318255252e-01 9.925972006360946065e-02 6.524897345466788845e-02 3.644989119809201317e-02 7.847754766751903477e-03 6.975484830143627302e-02 5.930574970191810902e-01 3.354466874663855624e-01
4.598755601845235796e-01 4.684569989310103377e-01 4.804906609373609250e-01 4.953353651598003671e-01 5.069254124050225352e-01 5.170285006331288846e-01 5.192261295434078550e-01 5.201064204978260719e-01 5.064978718079241604e-01 4.930856489135021503e-01 4.658100892202429177e-01 4.353420429736024055e-01 4.057728106305778515e-01 3.504345210432860958e-01 3.023467187144353030e-01 2.149653454572727496e-01 1.662100117248183628e-01 1.326615557934338330e-01 1.046767072758033601e-01 7.710498347537873831e-02 8.586686699126289124e-02 5.575214009831918061e-01 3.183189850486154437e-01
3.467033267841309607e-01 3.581143025432786953e-01 3.732507079045697673e-01 3.928085988830446462e-01 4.117901079916711504e-01 4.284873045901053668e-01 4.406593965649795996e-01 4.535169845319888537e-01 4.591751213149075084e-01 4.658100892202429177e-01 4.710617219166601810e-01 4.639457417190172572e-01 4.555965412982226348e-01 4.063267966802707742e-01 3.708312063774116818e-01 2.887336200434066913e-01 2.400468898116620842e-01 2.065574031095554486e-01 1.782918471007315375e-01 1.507776066013776228e-01 9.257167424511707210e-02 5.170998803911194264e-01 2.980001822117920307e-01
2.517831842536154552e-01 2.652668739563773248e-01 2.819432704275674495e-01 3.042274549024889807e-01 3.278165607730745279e-01 3.477812779502315044e-01 3.666942557511218004e-01 3.875817723401090986e-01 4.093151696484993995e-01 4.353420429736024055e-01 4.639457417190172572e-01 4.923171835915765016e-01 5.142843859067388612e-01 4.906996249643844621e-01 4.947853441925021967e-01 4.427081899346718696e-01 4.164795640068595928e-01 4.044564674325729081e-01 3.977600358867656727e-01 3.923263220791171069e-01 8.615503299936609627e-02 4.642880760469684787e-01 2.694676516623469853e-01
1.828910522718233400e-01 1.974731498311344535e-01 2.146275646470877652e-01 2.382925730691526356e-01 2.652397892853639583e-01 2.855056156348700358e-01 3.077673329482883968e-01 3.320391938595291248e-01 3.640073347712711183e-01 4.057728106305778515e-01 4.555965412982226348e-01 5.142843859067388612e-01 5.891631112164947837e-01 6.181803876883993354e-01 6.964973600035189172e-01 6.992553417771245616e-01 7.197325536483299979e-01 7.552295734662182181e-01 7.967926366208777367e-01 8.403980882545133424e-01 9.001746319083982206e-02 4.224647332502942110e-01 2.451422762282751966e-01
1.236062451816346414e-01 1.371610309032446073e-01 1.528649419817236232e-01 1.741879168128786237e-01 2.000295048295521461e-01 2.142182750095915911e-01 2.336160060223330115e-01 2.567460140018296699e-01 3.001483096147676277e-01 3.504345210432860958e-01 4.063267966802707742e-01 4.906996249643844621e-01 6.181803876883993354e-01 8.421847771284470818e-01 1.096666761519464073e+00 1.264406016604242566e+00 1.446563355986134614e+00 1.643795356368355387e+00 1.846566215600444094e+00 2.052385288045520895e+00 7.689147813092536698e-02 3.101389529686085500e-01 1.716633761064193242e-01
6.253542261878215769e-02 7.985358196534096675e-02 9.854388603179424500e-02 1.211776598865451082e-01 1.451608358651182706e-01 1.564171986259229596e-01 1.699786116899284771e-01 1.881091345989386598e-01 2.413752502099144048e-01 3.023467187144353030e-01 3.708312063774116818e-01 4.947853441925021967e-01 6.964973600035189172e-01 1.096666761519464073e+00 1.661712585997263236e+00 2.043958366510269631e+00 2.427584794640516908e+00 2.830285859808491900e+00 3.238735435604145785e+00 3.651582145490416487e+00 2.542592467120807428e-02 2.044459579139567551e-01 1.088061973179859088e-01
-1.866874929032442607e-02 6.988518535741739153e-03 2.928334283307782934e-02 5.284583407648178743e-02 6.885273881980460975e-02 7.739860544088923711e-02 8.052645656477867842e-02 9.292705465746291249e-02 1.498756280318255252e-01 2.149653454572727496e-01 2.887336200434066913e-01 4.427081899346718696e-01 6.992553417771245616e-01 1.264406016604242566e+00 2.043958366510269631e+00 2.727165878326670789e+00 3.305467321215676435e+00 3.902607097388874902e+00 4.506299475352744111e+00 5.115715719820627783e+00 -1.644128421354410785e-01 3.531034289759835826e-02 1.426633807971979971e-03
-5.079988806953810582e-02 -2.287292613112310025e-02 1.668695514776979494e-03 2.493688213785139746e-02 3.377426678755684336e-02 3.814950290861138932e-02 3.070059171832323353e-02 3.833231721615730503e-02 9.925972006360946065e-02 1.662100117248183628e-01 2.400468898116620842e-01 4.164795640068595928e-01 7.197325536483299979e-01 1.446563355986134614e+00 2.427584794640516908e+00 3.305467321215676435e+00 4.134467416217323610e+00 4.916664519324581484e+00 5.705625533990350107e+00 6.503367321323008099e+00 -3.144717488696514018e-01 -5.243536822466455388e-02 -5.997486785053821046e-02
-5.186806024867029324e-02 -2.291577035055339384e-02 1.510250963363688826e-03 2.214308130187012807e-02 2.282169895798314557e-02 2.184650375473884062e-02 3.286538196154204297e-03 3.535486105063038575e-03 6.524897345466788845e-02 1.326615557934338330e-01 2.065574031095554486e-01 4.044564674325729081e-01 7.552295734662182181e-01 1.643795356368355387e+00 2.830285859808491900e+00 3.902607097388874902e+00 4.916664519324581484e+00 5.899045108452702912e+00 6.875045407804819320e+00 7.862925054840242289e+00 -4.446744369419060594e-01 -8.789222105007034325e-02 -9.438395129259632976e-02
-4.962547410849812296e-02 -1.920245737572092923e-02 5.439132352850700215e-03 2.393528147124760613e-02 1.707317616410238340e-02 1.056019457730819275e-02 -1.906038901917016595e-02 -2.614002188536541579e-02 3.644989119809201317e-02 1.046767072758033601e-01 1.782918471007315375e-01 3.977600358867656727e-01 7.967926366208777367e-01 1.846566215600444094e+00 3.238735435604145785e+00 4.506299475352744111e+00 5.705625533990350107e+00 6.875045407804819320e+00 8.043022716369414127e+00 9.219807886590432489e+00 -5.713437566815007251e-01 -1.180520495516976520e-01 -1.258083258538836291e-01
-4.992478510521195650e-02 -1.771869025997163671e-02 7.438750749478847089e-03 2.415194891779967601e-02 1.017758546321696073e-02 -1.527323313859621804e-03 -4.177609859036979234e-02 -5.592398847995698474e-02 7.847754766751903477e-03 7.710498347537873831e-02 1.507776066013776228e-01 3.923263220791171069e-01 8.403980882545133424e-01 2.052385288045520895e+00 3.651582145490416487e+00 5.115715719820627783e+00 6.503367321323008099e+00 7.862925054840242289e+00 9.219807886590432489e+00 1.058644041476205366e+01 -6.931632595279213493e-01 -1.536258049631165357e-01 -1.596036588689087599e-01
-1.715751389593709042e-01 -1.575445808611841136e-01 -1.350387625835640648e-01 -1.031103320461504852e-01 -4.244886188269150068e-02 -2.861600219452437033e-02 1.677051043113011314e-02 3.864159067645608903e-02 6.975484830143627302e-02 8.586686699126289124e-02 9.257167424511707210e-02 8.615503299936609627e-02 9.001746319083982206e-02 7.689147813092536698e-02 2.542592467120807428e-02 -1.644128421354410785e-01 -3.144717488696514018e-01 -4.446744369419060594e-01 -5.713437566815007251e-01 -6.931632595279213493e-01 1.059363581088551998e+00 -8.408448182898173306e-02 4.507097696628783318e-02
6.830775940574942418e-01 6.764110576131300290e-01 6.744917292874047510e-01 6.788282554505670197e-01 6.756070396967536196e-01 6.756750930680684997e-01 6.581116030367252234e-01 6.415849769073531661e-01 5.930574970191810902e-01 5.575214009831918061e-01 5.170998803911194264e-01 4.642880760469684787e-01 4.224647332502942110e-01 3.101389529686085500e-01 2.044459579139567551e-01 3.531034289759835826e-02 -5.243536822466455388e-02 -8.789222105007034325e-02 -1.180520495516976520e-01 -1.536258049631165357e-01 -8.408448182898173306e-02 1.134563043755284273e+00 6.175717971405598750e-01
3.271105615360594410e-01 3.304634303679607199e-01 3.376461053587379579e-01 3.487650303355481207e-01 3.577261039480089111e-01 3.649287188236188806e-01 3.628792210646780703e-01 3.567478093076459911e-01 3.354466874663855624e-01 3.183189850486154437e-01 2.980001822117920307e-01 2.694676516623469853e-01 2.451422762282751966e-01 1.716633761064193242e-01 1.088061973179859088e-01 1.426633807971979971e-03 -5.997486785053821046e-02 -9.438395129259632976e-02 -1.258083258538836291e-01 -1.596036588689087599e-01 4.507097696628783318e-02 6.175717971405598750e-01 3.666052691852830780e-01
