1.342445915630347431e+00 1.291854092842786184e+00 1.222432245749060398e+00 1.134366872358160139e+00 1.006871657186115154e+00 9.108328569366270777e-01 7.820155553804514215e-01 6.689240735443162666e-01 5.190344328250370287e-01 4.076884518450960004e-01 2.956444755267285673e-01 2.076462108455271460e-01 1.469078568296114662e-01 1.158797399974884623e-01 6.305728039450279876e-02 1.967086125379902822e-02 1.339016963952448583e-02 3.708302891715629240e-02 6.676497287977321837e-02 9.349507569869043577e-02 -2.668241842200712033e-01 5.887915735395689021e-01 2.699309432368928729e-01
1.291854092842786184e+00 1.250775999619994971e+00 1.191650893392062871e+00 1.113636691697622139e+00 9.949671587524074878e-01 9.062458215479902712e-01 7.827497515509184156e-01 6.735523420528862770e-01 5.282620736582001042e-01 4.189969383886585907e-01 3.097825251395324164e-01 2.238530815273095664e-01 1.641845794387456481e-01 1.309110017306354956e-01 7.981212370893704666e-02 4.304987275874984365e-02 3.755277989562052360e-02 6.051460419314824007e-02 8.969580682078072409e-02 1.163473708123397427e-01 -2.527939933264713446e-01 5.821254515586293810e-01 2.732840485533475916e-01
1.222432245749060398e+00 1.191650893392062871e+00 1.146937937619278536e+00 1.081892485110747870e+00 9.756725369925053348e-01 8.964053279104617911e-01 7.807085121267423045e-01 6.772663933535767455e-01 5.383006776857355291e-01 4.322845779998409355e-01 3.261729667025417556e-01 2.417914517054816914e-01 1.825876398703031867e-01 1.467329528782886638e-01 9.709760779169501754e-02 6.213867771675507523e-02 5.841049244822205805e-02 8.049161305191451787e-02 1.088905115983908878e-01 1.351656665849987615e-01 -2.302884972865150426e-01 5.802066972875186135e-01 2.804670040237024486e-01
1.134366872358160139e+00 1.113636691697622139e+00 1.081892485110747870e+00 1.032417742647136372e+00 9.432119661570688152e-01 8.755700899817824290e-01 7.714915603028548174e-01 6.767597699178616866e-01 5.474615118420992355e-01 4.469537783770137218e-01 3.455553315912888168e-01 2.639623387071774463e-01 2.062266054293456496e-01 1.668216575998928974e-01 1.171737295615210561e-01 8.199809662784586506e-02 7.817192163535885419e-02 9.805401283122552880e-02 1.244700152015777578e-01 1.492404131909268739e-01 -1.983605738329828894e-01 5.845436973576182416e-01 2.915861828533228839e-01
1.006871657186115154e+00 9.949671587524074878e-01 9.756725369925053348e-01 9.432119661570688152e-01 8.797525110585048269e-01 8.260879917053653987e-01 7.408170890496418304e-01 6.599167975309372380e-01 5.466072247897233449e-01 4.556061618612621267e-01 3.615991740411078625e-01 2.847938802129038605e-01 2.307191070853017723e-01 1.892238132227359315e-01 1.373430117370385284e-01 9.422679538004427591e-02 8.585389708608311132e-02 1.005266849496223164e-01 1.220152978430887047e-01 1.424374622760706255e-01 -1.376998550547981759e-01 5.813224965749349549e-01 3.005472176476530199e-01
9.108328569366270777e-01 9.062458215479902712e-01 8.964053279104617911e-01 8.755700899817824290e-01 8.260879917053653987e-01 7.885855035816025094e-01 7.178271012628972825e-01 6.496008596788666045e-01 5.489315372416533334e-01 4.652979109161735072e-01 3.778851560858044745e-01 3.042718790109373850e-01 2.503381266067878363e-01 2.019320615152929432e-01 1.488473245696320113e-01 1.056930093544641014e-01 9.741626306545696223e-02 1.119138762287809341e-01 1.325782398167786591e-01 1.526436541106636069e-01 -1.238676526795472188e-01 5.813902636093993825e-01 3.077496051154460233e-01
7.820155553804514215e-01 7.827497515509184156e-01 7.807085121267423045e-01 7.714915603028548174e-01 7.408170890496418304e-01 7.178271012628972825e-01 6.695048801270058192e-01 6.178261866244413314e-01 5.366284343985968652e-01 4.651638399310485394e-01 3.877255344816880056e-01 3.208295793900521886e-01 2.702177816775939712e-01 2.183100899157766339e-01 1.619212187968093464e-01 1.123043707827120763e-01 9.957298053485114098e-02 1.095629548748996845e-01 1.251974215211190122e-01 1.408174436146954478e-01 -7.848200038021097003e-02 5.638271171505024881e-01 3.057000941248110837e-01
6.689240735443162666e-01 6.735523420528862770e-01 6.772663933535767455e-01 6.767597699178616866e-01 6.599167975309372380e-01 6.496008596788666045e-01 6.178261866244413314e-01 5.854350716926290943e-01 5.227481007372167809e-01 4.648810168411974253e-01 3.994201641272410730e-01 3.405414416737478911e-01 2.932248820663826971e-01 2.399088651857292642e-01 1.791704811768687344e-01 1.257118803181752342e-01 1.109363044224207367e-01 1.172473156286317764e-01 1.286867194179588947e-01 1.404635630782272993e-01 -5.661206579369944258e-02 5.473001649530611079e-01 2.995684559557220683e-01
5.190344328250370287e-01 5.282620736582001042e-01 5.383006776857355291e-01 5.474615118420992355e-01 5.466072247897233449e-01 5.489315372416533334e-01 5.366284343985968652e-01 5.227481007372167809e-01 4.900067628719412816e-01 4.525022892917107131e-01 4.063081787069048323e-01 3.635655463901154016e-01 3.264647614803710685e-01 2.842757481373804351e-01 2.274140933276979359e-01 1.701258459967681103e-01 1.536243673907363994e-01 1.551594967566338190e-01 1.613264513393630195e-01 1.682436349034765466e-01 -2.549960719802961753e-02 4.987724326882730930e-01 2.782671773373320279e-01
4.076884518450960004e-01 4.189969383886585907e-01 4.322845779998409355e-01 4.469537783770137218e-01 4.556061618612621267e-01 4.652979109161735072e-01 4.651638399310485394e-01 4.648810168411974253e-01 4.525022892917107131e-01 4.395756450315557728e-01 4.134287544500442335e-01 3.898475894051064983e-01 3.679129004105256007e-01 3.341889307065519787e-01 2.833565195870312858e-01 2.263490971249033923e-01 2.092527199261945969e-01 2.084962709565713890e-01 2.121157540180496626e-01 2.167777009691849166e-01 -9.388552100165434636e-03 4.632371098441465662e-01 2.611397167055619084e-01
2.956444755267285673e-01 3.097825251395324164e-01 3.261729667025417556e-01 3.455553315912888168e-01 3.615991740411078625e-01 3.778851560858044745e-01 3.877255344816880056e-01 3.994201641272410730e-01 4.063081787069048323e-01 4.134287544500442335e-01 4.198093069587110482e-01 4.196573206470044504e-01 4.188831965145773384e-01 3.927547612565638890e-01 3.516045943149493369e-01 2.997736847559856477e-01 2.831245236244634422e-01 2.816860059155194551e-01 2.833464457920248925e-01 2.865064774558053196e-01 -2.685337201703249035e-03 4.228150616672709527e-01 2.408206322804540278e-01
2.076462108455271460e-01 2.238530815273095664e-01 2.417914517054816914e-01 2.639623387071774463e-01 2.847938802129038605e-01 3.042718790109373850e-01 3.208295793900521886e-01 3.405414416737478911e-01 3.635655463901154016e-01 3.898475894051064983e-01 4.196573206470044504e-01 4.551282812371594821e-01 4.843576936884980144e-01 4.831232874827591783e-01 4.658072988406591897e-01 4.268211045965755734e-01 4.152092101771867605e-01 4.157037825557663990e-01 4.183926270853005058e-01 4.232790384379160886e-01 -6.010651268516367662e-03 3.705583791685953532e-01 2.126022064927662047e-01
1.469078568296114662e-01 1.641845794387456481e-01 1.825876398703031867e-01 2.062266054293456496e-01 2.307191070853017723e-01 2.503381266067878363e-01 2.702177816775939712e-01 2.932248820663826971e-01 3.264647614803710685e-01 3.679129004105256007e-01 4.188831965145773384e-01 4.843576936884980144e-01 5.654593298002507096e-01 6.112498663409190458e-01 6.378952632751312413e-01 6.162188027005408575e-01 6.097631425231987423e-01 6.141180488610302746e-01 6.204047135481651765e-01 6.299581888001443142e-01 4.221070106269615881e-03 3.287480196904191132e-01 1.884377778859929464e-01
1.158797399974884623e-01 1.309110017306354956e-01 1.467329528782886638e-01 1.668216575998928974e-01 1.892238132227359315e-01 2.019320615152929432e-01 2.183100899157766339e-01 2.399088651857292642e-01 2.842757481373804351e-01 3.341889307065519787e-01 3.927547612565638890e-01 4.831232874827591783e-01 6.112498663409190458e-01 8.528310229856441715e-01 9.660949949737326348e-01 9.671035264198016845e-01 9.727151021824702593e-01 9.863375286201224723e-01 1.000097822188383612e+00 1.018534054823248214e+00 -1.065164122923922298e-03 2.176516928767837367e-01 1.153744890888489388e-01
6.305728039450279876e-02 7.981212370893704666e-02 9.709760779169501754e-02 1.171737295615210561e-01 1.373430117370385284e-01 1.488473245696320113e-01 1.619212187968093464e-01 1.791704811768687344e-01 2.274140933276979359e-01 2.833565195870312858e-01 3.516045943149493369e-01 4.658072988406591897e-01 6.378952632751312413e-01 9.660949949737326348e-01 1.222703000743288193e+00 1.270012583063146572e+00 1.294158783026259751e+00 1.324973037953669497e+00 1.354583688329237479e+00 1.390554725679248982e+00 -1.989973341305989463e-02 8.825178513923234713e-02 4.214112418392075565e-02
1.967086125379902822e-02 4.304987275874984365e-02 6.213867771675507523e-02 8.199809662784586506e-02 9.422679538004427591e-02 1.056930093544641014e-01 1.123043707827120763e-01 1.257118803181752342e-01 1.701258459967681103e-01 2.263490971249033923e-01 2.997736847559856477e-01 4.268211045965755734e-01 6.162188027005408575e-01 9.671035264198016845e-01 1.270012583063146572e+00 1.473011421519548447e+00 1.520172101805936871e+00 1.564872123911145163e+00 1.607938146688105308e+00 1.658882925576497191e+00 -1.478219461641834820e-01 -8.318946641482220794e-02 -5.903792890237054281e-02
1.339016963952448583e-02 3.755277989562052360e-02 5.841049244822205805e-02 7.817192163535885419e-02 8.585389708608311132e-02 9.741626306545696223e-02 9.957298053485114098e-02 1.109363044224207367e-01 1.536243673907363994e-01 2.092527199261945969e-01 2.831245236244634422e-01 4.152092101771867605e-01 6.097631425231987423e-01 9.727151021824702593e-01 1.294158783026259751e+00 1.520172101805936871e+00 1.651487607782600175e+00 1.707301513578108443e+00 1.759017350331389506e+00 1.822264775413305005e+00 -2.083036633356757095e-01 -1.416866113379837422e-01 -9.266993838690476548e-02
3.708302891715629240e-02 6.051460419314824007e-02 8.049161305191451787e-02 9.805401283122552880e-02 1.005266849496223164e-01 1.119138762287809341e-01 1.095629548748996845e-01 1.172473156286317764e-01 1.551594967566338190e-01 2.084962709565713890e-01 2.816860059155194551e-01 4.157037825557663990e-01 6.141180488610302746e-01 9.863375286201224723e-01 1.324973037953669497e+00 1.564872123911145163e+00 1.707301513578108443e+00 1.793496387695670657e+00 1.858961807189094095e+00 1.939638975960911393e+00 -2.488596367728705405e-01 -1.292743048446557130e-01 -8.886099184928747396e-02
6.676497287977321837e-02 8.969580682078072409e-02 1.088905115983908878e-01 1.244700152015777578e-01 1.220152978430887047e-01 1.325782398167786591e-01 1.251974215211190122e-01 1.286867194179588947e-01 1.613264513393630195e-01 2.121157540180496626e-01 2.833464457920248925e-01 4.183926270853005058e-01 6.204047135481651765e-01 1.000097822188383612e+00 1.354583688329237479e+00 1.607938146688105308e+00 1.759017350331389506e+00 1.858961807189094095e+00 1.949357430807465708e+00 2.047400005052357308e+00 -2.876870321432148381e-01 -1.063444610842178284e-01 -7.959962939403548987e-02
9.349507569869043577e-02 1.163473708123397427e-01 1.351656665849987615e-01 1.492404131909268739e-01 1.424374622760706255e-01 1.526436541106636069e-01 1.408174436146954478e-01 1.404635630782272993e-01 1.682436349034765466e-01 2.167777009691849166e-01 2.865064774558053196e-01 4.232790384379160886e-01 6.299581888001443142e-01 1.018534054823248214e+00 1.390554725679248982e+00 1.658882925576497191e+00 1.822264775413305005e+00 1.939638975960911393e+00 2.047400005052357308e+00 2.162575932466073603e+00 -3.199589137197728084e-01 -9.073264052288984582e-02 -7.354309944902621965e-02
-2.668241842200712033e-01 -2.527939933264713446e-01 -2.302884972865150426e-01 -1.983605738329828894e-01 -1.376998550547981759e-01 -1.238676526795472188e-01 -7.848200038021097003e-02 -5.661206579369944258e-02 -2.549960719802961753e-02 -9.388552100165434636e-03 -2.685337201703249035e-03 -6.010651268516367662e-03 4.221070106269615881e-03 -1.065164122923922298e-03 -1.989973341305989463e-02 -1.478219461641834820e-01 -2.083036633356757095e-01 -2.488596367728705405e-01 -2.876870321432148381e-01 -3.199589137197728084e-01 1.059363581088551998e+00 -8.408448182898173306e-02 4.507097696628783318e-02
5.887915735395689021e-01 5.821254515586293810e-01 5.802066972875186135e-01 5.845436973576182416e-01 5.813224965749349549e-01 5.813902636093993825e-01 5.638271171505024881e-01 5.473001649530611079e-01 4.987724326882730930e-01 4.632371098441465662e-01 4.228150616672709527e-01 3.705583791685953532e-01 3.287480196904191132e-01 2.176516928767837367e-01 8.825178513923234713e-02 -8.318946641482220794e-02 -1.416866113379837422e-01 -1.292743048446557130e-01 -1.063444610842178284e-01 -9.073264052288984582e-02 -8.408448182898173306e-02 1.134563043755284273e+00 6.175717971405598750e-01
2.699309432368928729e-01 2.732840485533475916e-01 2.804670040237024486e-01 2.915861828533228839e-01 3.005472176476530199e-01 3.077496051154460233e-01 3.057000941248110837e-01 2.995684559557220683e-01 2.782671773373320279e-01 2.611397167055619084e-01 2.408206322804540278e-01 2.126022064927662047e-01 1.884377778859929464e-01 1.153744890888489388e-01 4.214112418392075565e-02 -5.903792890237054281e-02 -9.266993838690476548e-02 -8.886099184928747396e-02 -7.959962939403548987e-02 -7.354309944902621965e-02 4.507097696628783318e-02 6.175717971405598750e-01 3.666052691852830780e-01
