1.342445915630347431e+00 1.291854092842786184e+00 1.222432245749060398e+00 1.134366872358160139e+00 1.006871657186115154e+00 9.108328569366270777e-01 7.820155553804514215e-01 6.689240735443162666e-01 5.190344328250370287e-01 4.076884518450960004e-01 2.956444755267285673e-01 2.081874923607292538e-01 1.489241378432121232e-01 1.130945896197344952e-01 6.413541808799499977e-02 2.997078041611555416e-02 2.567783308613434332e-02 6.286220260809487204e-02 1.056042019142636179e-01 1.440955499735043777e-01 -2.668241842200712033e-01 5.887915735395689021e-01 2.699309432368928729e-01
1.291854092842786184e+00 1.250775999619994971e+00 1.191650893392062871e+00 1.113636691697622139e+00 9.949671587524074878e-01 9.062458215479902712e-01 7.827497515509184156e-01 6.735523420528862770e-01 5.282620736582001042e-01 4.189969383886585907e-01 3.097825251395324164e-01 2.243920311249087141e-01 1.661797858399790828e-01 1.285924616569395218e-01 8.207107485554482329e-02 5.638608887600193853e-02 5.461508092822980193e-02 9.086463359300266107e-02 1.328855653767935796e-01 1.712638175246386507e-01 -2.527939933264713446e-01 5.821254515586293810e-01 2.732840485533475916e-01
1.222432245749060398e+00 1.191650893392062871e+00 1.146937937619278536e+00 1.081892485110747870e+00 9.756725369925053348e-01 8.964053279104617911e-01 7.807085121267423045e-01 6.772663933535767455e-01 5.383006776857355291e-01 4.322845779998409355e-01 3.261729667025417556e-01 2.423352624260833033e-01 1.845781811448581611e-01 1.447869312011799969e-01 1.000210898743189025e-01 7.805517828645751333e-02 8.024795107774505831e-02 1.153170193206271565e-01 1.562114332275535145e-01 1.940476564082687927e-01 -2.302884972865150426e-01 5.802066972875186135e-01 2.804670040237024486e-01
1.134366872358160139e+00 1.113636691697622139e+00 1.081892485110747870e+00 1.032417742647136372e+00 9.432119661570688152e-01 8.755700899817824290e-01 7.714915603028548174e-01 6.767597699178616866e-01 5.474615118420992355e-01 4.469537783770137218e-01 3.455553315912888168e-01 2.645441291968656516e-01 2.083082638217352012e-01 1.656769672602484422e-01 1.231391196468391430e-01 1.034715295751157255e-01 1.077761100588781190e-01 1.400266848447964396e-01 1.780657282581036560e-01 2.137351013627664664e-01 -1.983605738329828894e-01 5.845436973576182416e-01 2.915861828533228839e-01
1.006871657186115154e+00 9.949671587524074878e-01 9.756725369925053348e-01 9.432119661570688152e-01 8.797525110585048269e-01 8.260879917053653987e-01 7.408170890496418304e-01 6.599167975309372380e-01 5.466072247897233449e-01 4.556061618612621267e-01 3.615991740411078625e-01 2.854854880337847622e-01 2.330979971213058000e-01 1.895647731521767909e-01 1.485877168727595121e-01 1.254358152941999760e-01 1.271883752525416467e-01 1.523993038085725005e-01 1.833429063751643440e-01 2.127508231586581200e-01 -1.376998550547981759e-01 5.813224965749349549e-01 3.005472176476530199e-01
9.108328569366270777e-01 9.062458215479902712e-01 8.964053279104617911e-01 8.755700899817824290e-01 8.260879917053653987e-01 7.885855035816025094e-01 7.178271012628972825e-01 6.496008596788666045e-01 5.489315372416533334e-01 4.652979109161735072e-01 3.778851560858044745e-01 3.049175115523226065e-01 2.525705799800216922e-01 2.022070764767208428e-01 1.610561483176149444e-01 1.397683422434816691e-01 1.432843921749194505e-01 1.681661517524906113e-01 1.979228353192072909e-01 2.268170319024016279e-01 -1.238676526795472188e-01 5.813902636093993825e-01 3.077496051154460233e-01
7.820155553804514215e-01 7.827497515509184156e-01 7.807085121267423045e-01 7.714915603028548174e-01 7.408170890496418304e-01 7.178271012628972825e-01 6.695048801270058192e-01 6.178261866244413314e-01 5.366284343985968652e-01 4.651638399310485394e-01 3.877255344816880056e-01 3.214609740914088354e-01 2.724202431234165056e-01 2.196399020594390628e-01 1.782919015291847264e-01 1.549460327762716694e-01 1.554977132468450263e-01 1.740490263679677074e-01 1.965626583385235160e-01 2.190554901532736909e-01 -7.848200038021097003e-02 5.638271171505024881e-01 3.057000941248110837e-01
6.689240735443162666e-01 6.735523420528862770e-01 6.772663933535767455e-01 6.767597699178616866e-01 6.599167975309372380e-01 6.496008596788666045e-01 6.178261866244413314e-01 5.854350716926290943e-01 5.227481007372167809e-01 4.648810168411974253e-01 3.994201641272410730e-01 3.411650279297919197e-01 2.953612012459080338e-01 2.424245834591678139e-01 1.992020039550015942e-01 1.741656468744947339e-01 1.738251080698939022e-01 1.875004974233264732e-01 2.039732388799577190e-01 2.209318937507439573e-01 -5.661206579369944258e-02 5.473001649530611079e-01 2.995684559557220683e-01
5.190344328250370287e-01 5.282620736582001042e-01 5.383006776857355291e-01 5.474615118420992355e-01 5.466072247897233449e-01 5.489315372416533334e-01 5.366284343985968652e-01 5.227481007372167809e-01 4.900067628719412816e-01 4.525022892917107131e-01 4.063081787069048323e-01 3.642262798129765056e-01 3.286204809319927533e-01 2.886295287575246227e-01 2.541465005826639700e-01 2.306127267305115580e-01 2.312624812352991610e-01 2.385320098216978379e-01 2.474124244208277812e-01 2.573731687531510826e-01 -2.549960719802961753e-02 4.987724326882730930e-01 2.782671773373320279e-01
4.076884518450960004e-01 4.189969383886585907e-01 4.322845779998409355e-01 4.469537783770137218e-01 4.556061618612621267e-01 4.652979109161735072e-01 4.651638399310485394e-01 4.648810168411974253e-01 4.525022892917107131e-01 4.395756450315557728e-01 4.134287544500442335e-01 3.903679185084469871e-01 3.695649271517397194e-01 3.404041120006766619e-01 3.191434064782703306e-01 3.025648710470967284e-01 3.069515743885872783e-01 3.115344413226078246e-01 3.167464969311362677e-01 3.234597005407711667e-01 -9.388552100165434636e-03 4.632371098441465662e-01 2.611397167055619084e-01
2.956444755267285673e-01 3.097825251395324164e-01 3.261729667025417556e-01 3.455553315912888168e-01 3.615991740411078625e-01 3.778851560858044745e-01 3.877255344816880056e-01 3.994201641272410730e-01 4.063081787069048323e-01 4.134287544500442335e-01 4.198093069587110482e-01 4.202246359612211157e-01 4.205359828756771723e-01 4.028284446383991746e-01 4.013019338766062871e-01 3.977995768589789316e-01 4.084106869559561703e-01 4.118382263414768762e-01 4.142292597636446083e-01 4.187797053594890517e-01 -2.685337201703249035e-03 4.228150616672709527e-01 2.408206322804540278e-01
2.081874923607292538e-01 2.243920311249087141e-01 2.423352624260833033e-01 2.645441291968656516e-01 2.854854880337847622e-01 3.049175115523226065e-01 3.214609740914088354e-01 3.411650279297919197e-01 3.642262798129765056e-01 3.903679185084469871e-01 4.202246359612211157e-01 4.568600137387871518e-01 4.877024197143890460e-01 4.986156414419498639e-01 5.345265372745952037e-01 5.553386991753811452e-01 5.804216805975473958e-01 5.868747302499252028e-01 5.907952637187282585e-01 5.978861681302514164e-01 -4.126867933135987959e-03 3.708962096093582073e-01 2.127934183744455698e-01
1.489241378432121232e-01 1.661797858399790828e-01 1.845781811448581611e-01 2.083082638217352012e-01 2.330979971213058000e-01 2.525705799800216922e-01 2.724202431234165056e-01 2.953612012459080338e-01 3.286204809319927533e-01 3.695649271517397194e-01 4.205359828756771723e-01 4.877024197143890460e-01 5.712448689004991920e-01 6.314559037659004392e-01 7.292103410991368495e-01 7.834653217512447254e-01 8.270371360735467858e-01 8.402364732279001824e-01 8.494534693165565198e-01 8.633945218995219273e-01 1.010391544402401004e-02 3.290479856493766508e-01 1.887104951558735144e-01
1.130945896197344952e-01 1.285924616569395218e-01 1.447869312011799969e-01 1.656769672602484422e-01 1.895647731521767909e-01 2.022070764767208428e-01 2.196399020594390628e-01 2.424245834591678139e-01 2.886295287575246227e-01 3.404041120006766619e-01 4.028284446383991746e-01 4.986156414419498639e-01 6.314559037659004392e-01 9.016244191267329677e-01 1.092287957716325586e+00 1.183880504116555876e+00 1.255312941346172551e+00 1.282767315803597263e+00 1.303422290692629382e+00 1.330941692067860727e+00 1.912853399364552662e-02 2.213829373812394863e-01 1.180264255591728650e-01
6.413541808799499977e-02 8.207107485554482329e-02 1.000210898743189025e-01 1.231391196468391430e-01 1.485877168727595121e-01 1.610561483176149444e-01 1.782919015291847264e-01 1.992020039550015942e-01 2.541465005826639700e-01 3.191434064782703306e-01 4.013019338766062871e-01 5.345265372745952037e-01 7.292103410991368495e-01 1.092287957716325586e+00 1.469700688792491716e+00 1.621533371289471281e+00 1.732317641674316899e+00 1.787106804615086419e+00 1.832105867024206747e+00 1.886986879658080873e+00 4.231154426157168053e-02 1.354217729316395114e-01 7.212451817501477902e-02
2.997078041611555416e-02 5.638608887600193853e-02 7.805517828645751333e-02 1.034715295751157255e-01 1.254358152941999760e-01 1.397683422434816691e-01 1.549460327762716694e-01 1.741656468744947339e-01 2.306127267305115580e-01 3.025648710470967284e-01 3.977995768589789316e-01 5.553386991753811452e-01 7.834653217512447254e-01 1.183880504116555876e+00 1.621533371289471281e+00 1.949259962083918829e+00 2.096173714416914358e+00 2.175438003410530285e+00 2.243172301318786754e+00 2.324093513357845975e+00 -3.980549376989563071e-02 4.779687102431852842e-04 -4.452210527197321237e-03
2.567783308613434332e-02 5.461508092822980193e-02 8.024795107774505831e-02 1.077761100588781190e-01 1.271883752525416467e-01 1.432843921749194505e-01 1.554977132468450263e-01 1.738251080698939022e-01 2.312624812352991610e-01 3.069515743885872783e-01 4.084106869559561703e-01 5.804216805975473958e-01 8.270371360735467858e-01 1.255312941346172551e+00 1.732317641674316899e+00 2.096173714416914358e+00 2.371030507830127476e+00 2.473501307608820809e+00 2.561742832500416789e+00 2.670296707206651021e+00 -1.017616152732973150e-01 -4.913863266723116768e-02 -3.202189288856580746e-02
6.286220260809487204e-02 9.086463359300266107e-02 1.153170193206271565e-01 1.400266848447964396e-01 1.523993038085725005e-01 1.681661517524906113e-01 1.740490263679677074e-01 1.875004974233264732e-01 2.385320098216978379e-01 3.115344413226078246e-01 4.118382263414768762e-01 5.868747302499252028e-01 8.402364732279001824e-01 1.282767315803597263e+00 1.787106804615086419e+00 2.175438003410530285e+00 2.473501307608820809e+00 2.634369496155671619e+00 2.750480595353970159e+00 2.894475034129028401e+00 -1.571661936692278494e-01 -2.656702552451570276e-02 -2.368761471246966233e-02
1.056042019142636179e-01 1.328855653767935796e-01 1.562114332275535145e-01 1.780657282581036560e-01 1.833429063751643440e-01 1.979228353192072909e-01 1.965626583385235160e-01 2.039732388799577190e-01 2.474124244208277812e-01 3.167464969311362677e-01 4.142292597636446083e-01 5.907952637187282585e-01 8.494534693165565198e-01 1.303422290692629382e+00 1.832105867024206747e+00 2.243172301318786754e+00 2.561742832500416789e+00 2.750480595353970159e+00 2.918286965825757751e+00 3.098290309389780894e+00 -2.130776430025235479e-01 6.451949490515045474e-03 -1.035125277690672127e-02
1.440955499735043777e-01 1.712638175246386507e-01 1.940476564082687927e-01 2.137351013627664664e-01 2.127508231586581200e-01 2.268170319024016279e-01 2.190554901532736909e-01 2.209318937507439573e-01 2.573731687531510826e-01 3.234597005407711667e-01 4.187797053594890517e-01 5.978861681302514164e-01 8.633945218995219273e-01 1.330941692067860727e+00 1.886986879658080873e+00 2.324093513357845975e+00 2.670296707206651021e+00 2.894475034129028401e+00 3.098290309389780894e+00 3.313821374084678695e+00 -2.595491524727669974e-01 2.893297109882719473e-02 -1.629849656093518328e-03
-2.668241842200712033e-01 -2.527939933264713446e-01 -2.302884972865150426e-01 -1.983605738329828894e-01 -1.376998550547981759e-01 -1.238676526795472188e-01 -7.848200038021097003e-02 -5.661206579369944258e-02 -2.549960719802961753e-02 -9.388552100165434636e-03 -2.685337201703249035e-03 -4.126867933135987959e-03 1.010391544402401004e-02 1.912853399364552662e-02 4.231154426157168053e-02 -3.980549376989563071e-02 -1.017616152732973150e-01 -1.571661936692278494e-01 -2.130776430025235479e-01 -2.595491524727669974e-01 1.059363581088551998e+00 -8.408448182898173306e-02 4.507097696628783318e-02
5.887915735395689021e-01 5.821254515586293810e-01 5.802066972875186135e-01 5.845436973576182416e-01 5.813224965749349549e-01 5.813902636093993825e-01 5.638271171505024881e-01 5.473001649530611079e-01 4.987724326882730930e-01 4.632371098441465662e-01 4.228150616672709527e-01 3.708962096093582073e-01 3.290479856493766508e-01 2.213829373812394863e-01 1.354217729316395114e-01 4.779687102431852842e-04 -4.913863266723116768e-02 -2.656702552451570276e-02 6.451949490515045474e-03 2.893297109882719473e-02 -8.408448182898173306e-02 1.134563043755284273e+00 6.175717971405598750e-01
2.699309432368928729e-01 2.732840485533475916e-01 2.804670040237024486e-01 2.915861828533228839e-01 3.005472176476530199e-01 3.077496051154460233e-01 3.057000941248110837e-01 2.995684559557220683e-01 2.782671773373320279e-01 2.611397167055619084e-01 2.408206322804540278e-01 2.127934183744455698e-01 1.887104951558735144e-01 1.180264255591728650e-01 7.212451817501477902e-02 -4.452210527197321237e-03 -3.202189288856580746e-02 -2.368761471246966233e-02 -1.035125277690672127e-02 -1.629849656093518328e-03 4.507097696628783318e-02 6.175717971405598750e-01 3.666052691852830780e-01
