1.342445915630347431e+00 1.291854092842786184e+00 1.222432245749060398e+00 1.134366872358160139e+00 1.006871657186115154e+00 9.108328569366270777e-01 7.820155553804514215e-01 6.689240735443162666e-01 5.190344328250370287e-01 4.076884518450960004e-01 2.956444755267285673e-01 2.084827368235670497e-01 1.500239274869943074e-01 1.115754166864141167e-01 6.472349319353609687e-02 3.558891814101555057e-02 3.238019496610324705e-02 7.692357007587972972e-02 1.267892359330763385e-01 1.716958086688575302e-01 -2.668241842200712033e-01 5.887915735395689021e-01 2.699309432368928729e-01
1.291854092842786184e+00 1.250775999619994971e+00 1.191650893392062871e+00 1.113636691697622139e+00 9.949671587524074878e-01 9.062458215479902712e-01 7.827497515509184156e-01 6.735523420528862770e-01 5.282620736582001042e-01 4.189969383886585907e-01 3.097825251395324164e-01 2.246860036326900067e-01 1.672680802406518730e-01 1.273278034349234755e-01 8.330323002642173180e-02 6.366038857632136394e-02 6.392179058238040001e-02 1.074191950838323528e-01 1.564436154982550564e-01 2.012182430040743708e-01 -2.527939933264713446e-01 5.821254515586293810e-01 2.732840485533475916e-01
1.222432245749060398e+00 1.191650893392062871e+00 1.146937937619278536e+00 1.081892485110747870e+00 9.756725369925053348e-01 8.964053279104617911e-01 7.807085121267423045e-01 6.772663933535767455e-01 5.383006776857355291e-01 4.322845779998409355e-01 3.261729667025417556e-01 2.426318864555019883e-01 1.856639309309791319e-01 1.437254648318478101e-01 1.016157164648409106e-01 8.673690586993154650e-02 9.215929214839391204e-02 1.343126954671978457e-01 1.820228450252785735e-01 2.261651054027795371e-01 -2.302884972865150426e-01 5.802066972875186135e-01 2.804670040237024486e-01
1.134366872358160139e+00 1.113636691697622139e+00 1.081892485110747870e+00 1.032417742647136372e+00 9.432119661570688152e-01 8.755700899817824290e-01 7.714915603028548174e-01 6.767597699178616866e-01 5.474615118420992355e-01 4.469537783770137218e-01 3.455553315912888168e-01 2.648614694639685463e-01 2.094437138539477772e-01 1.650525907113515878e-01 1.263929687842853533e-01 1.151843111827175054e-01 1.239238491989794189e-01 1.629208695794714390e-01 2.072997535616632747e-01 2.489140221837699840e-01 -1.983605738329828894e-01 5.845436973576182416e-01 2.915861828533228839e-01
1.006871657186115154e+00 9.949671587524074878e-01 9.756725369925053348e-01 9.432119661570688152e-01 8.797525110585048269e-01 8.260879917053653987e-01 7.408170890496418304e-01 6.599167975309372380e-01 5.466072247897233449e-01 4.556061618612621267e-01 3.615991740411078625e-01 2.858627286633560471e-01 2.343955735045809841e-01 1.897507512955081965e-01 1.547211924013345563e-01 1.424589170655578274e-01 1.497344542524279842e-01 1.806934595498181362e-01 2.167943292108418796e-01 2.511035654582516319e-01 -1.376998550547981759e-01 5.813224965749349549e-01 3.005472176476530199e-01
9.108328569366270777e-01 9.062458215479902712e-01 8.964053279104617911e-01 8.755700899817824290e-01 8.260879917053653987e-01 7.885855035816025094e-01 7.178271012628972825e-01 6.496008596788666045e-01 5.489315372416533334e-01 4.652979109161735072e-01 3.778851560858044745e-01 3.052696747567143487e-01 2.537882818199675428e-01 2.023570846374999621e-01 1.677155067256055621e-01 1.583548874556732489e-01 1.683033716891715603e-01 1.988492111290594555e-01 2.335653419568955169e-01 2.672752379706226367e-01 -1.238676526795472188e-01 5.813902636093993825e-01 3.077496051154460233e-01
7.820155553804514215e-01 7.827497515509184156e-01 7.807085121267423045e-01 7.714915603028548174e-01 7.408170890496418304e-01 7.178271012628972825e-01 6.695048801270058192e-01 6.178261866244413314e-01 5.366284343985968652e-01 4.651638399310485394e-01 3.877255344816880056e-01 3.218053712012400314e-01 2.736215857302289889e-01 2.203652541378002261e-01 1.872213648377532014e-01 1.782051211363951393e-01 1.860021129079324209e-01 2.092232471823684270e-01 2.354891511480169952e-01 2.617307882652256668e-01 -7.848200038021097003e-02 5.638271171505024881e-01 3.057000941248110837e-01
6.689240735443162666e-01 6.735523420528862770e-01 6.772663933535767455e-01 6.767597699178616866e-01 6.599167975309372380e-01 6.496008596788666045e-01 6.178261866244413314e-01 5.854350716926290943e-01 5.227481007372167809e-01 4.648810168411974253e-01 3.994201641272410730e-01 3.415051658876337992e-01 2.965264662529216722e-01 2.437967934264979042e-01 2.101282891067102754e-01 2.005949740870328346e-01 2.081280918776065303e-01 2.258204147658872396e-01 2.450386131319569338e-01 2.648237104812079523e-01 -5.661206579369944258e-02 5.473001649530611079e-01 2.995684559557220683e-01
5.190344328250370287e-01 5.282620736582001042e-01 5.383006776857355291e-01 5.474615118420992355e-01 5.466072247897233449e-01 5.489315372416533334e-01 5.366284343985968652e-01 5.227481007372167809e-01 4.900067628719412816e-01 4.525022892917107131e-01 4.063081787069048323e-01 3.645866798618098703e-01 3.297963279056052022e-01 2.910043181866944773e-01 2.687278136308270393e-01 2.636055707670990622e-01 2.736105433323334779e-01 2.840079260390054317e-01 2.943684097379907771e-01 3.059892781257011474e-01 -2.549960719802961753e-02 4.987724326882730930e-01 2.782671773373320279e-01
4.076884518450960004e-01 4.189969383886585907e-01 4.322845779998409355e-01 4.469537783770137218e-01 4.556061618612621267e-01 4.652979109161735072e-01 4.651638399310485394e-01 4.648810168411974253e-01 4.525022892917107131e-01 4.395756450315557728e-01 4.134287544500442335e-01 3.906517343829965516e-01 3.704660326469472742e-01 3.437942108883808023e-01 3.386635266007647083e-01 3.441371113682927807e-01 3.602418586408017154e-01 3.677370797040820927e-01 3.738178112473656278e-01 3.816498821252729545e-01 -9.388552100165434636e-03 4.632371098441465662e-01 2.611397167055619084e-01
2.956444755267285673e-01 3.097825251395324164e-01 3.261729667025417556e-01 3.455553315912888168e-01 3.615991740411078625e-01 3.778851560858044745e-01 3.877255344816880056e-01 3.994201641272410730e-01 4.063081787069048323e-01 4.134287544500442335e-01 4.198093069587110482e-01 4.205340806780670793e-01 4.214375027090044856e-01 4.083231810284907448e-01 4.284095736375101993e-01 4.512682452787937226e-01 4.767485942276796229e-01 4.828303465738176814e-01 4.856198855663463321e-01 4.909287387614982845e-01 -2.685337201703249035e-03 4.228150616672709527e-01 2.408206322804540278e-01
2.084827368235670497e-01 2.246860036326900067e-01 2.426318864555019883e-01 2.648614694639685463e-01 2.858627286633560471e-01 3.052696747567143487e-01 3.218053712012400314e-01 3.415051658876337992e-01 3.645866798618098703e-01 3.906517343829965516e-01 4.205340806780670793e-01 4.579688553111395111e-01 4.899229471265907909e-01 5.076847384658372819e-01 5.728051992615983412e-01 6.263611132200412879e-01 6.715146781151524191e-01 6.812342398369440888e-01 6.858391211345392646e-01 6.941465069885570660e-01 -3.099349750201229204e-03 3.710804807588650722e-01 2.128977157644524609e-01
1.500239274869943074e-01 1.672680802406518730e-01 1.856639309309791319e-01 2.094437138539477772e-01 2.343955735045809841e-01 2.537882818199675428e-01 2.736215857302289889e-01 2.965264662529216722e-01 3.297963279056052022e-01 3.704660326469472742e-01 4.214375027090044856e-01 4.899229471265907909e-01 5.755085333239049472e-01 6.443373760097765857e-01 7.814756539710896455e-01 8.775750860858552160e-01 9.486211101981932847e-01 9.667002074438254544e-01 9.775578597812830672e-01 9.939395427226942470e-01 1.331274017370827518e-02 3.292116034451716966e-01 1.888592500303536703e-01
1.115754166864141167e-01 1.273278034349234755e-01 1.437254648318478101e-01 1.650525907113515878e-01 1.897507512955081965e-01 2.023570846374999621e-01 2.203652541378002261e-01 2.437967934264979042e-01 2.910043181866944773e-01 3.437942108883808023e-01 4.083231810284907448e-01 5.076847384658372819e-01 6.443373760097765857e-01 9.373940451015642106e-01 1.174155524367475945e+00 1.317916327238035423e+00 1.426419694689856188e+00 1.461722544339371321e+00 1.486354657320986705e+00 1.519078678743651434e+00 3.014327842086510917e-02 2.234181616563969963e-01 1.194729363611677503e-01
6.472349319353609687e-02 8.330323002642173180e-02 1.016157164648409106e-01 1.263929687842853533e-01 1.547211924013345563e-01 1.677155067256055621e-01 1.872213648377532014e-01 2.101282891067102754e-01 2.687278136308270393e-01 3.386635266007647083e-01 4.284095736375101993e-01 5.728051992615983412e-01 7.814756539710896455e-01 1.174155524367475945e+00 1.644690150787917693e+00 1.868166828064202312e+00 2.032068497438874743e+00 2.101024634721763817e+00 2.155025184600110055e+00 2.221014762850141544e+00 7.624496844773412385e-02 1.611508571820435276e-01 8.847909671561139666e-02
3.558891814101555057e-02 6.366038857632136394e-02 8.673690586993154650e-02 1.151843111827175054e-01 1.424589170655578274e-01 1.583548874556732489e-01 1.782051211363951393e-01 2.005949740870328346e-01 2.636055707670990622e-01 3.441371113682927807e-01 4.512682452787937226e-01 6.263611132200412879e-01 8.775750860858552160e-01 1.317916327238035423e+00 1.868166828064202312e+00 2.304817729609440313e+00 2.520993708294525515e+00 2.621811906025239391e+00 2.704474760472692196e+00 2.803694215101145915e+00 1.911257117244336001e-02 4.611475150573332571e-02 2.532181767744263665e-02
3.238019496610324705e-02 6.392179058238040001e-02 9.215929214839391204e-02 1.239238491989794189e-01 1.497344542524279842e-01 1.683033716891715603e-01 1.860021129079324209e-01 2.081280918776065303e-01 2.736105433323334779e-01 3.602418586408017154e-01 4.767485942276796229e-01 6.715146781151524191e-01 9.486211101981932847e-01 1.426419694689856188e+00 2.032068497438874743e+00 2.520993708294525515e+00 2.909338574308064640e+00 3.043276569240119578e+00 3.154988200380446806e+00 3.292756485548448797e+00 -4.364777087563632973e-02 1.342082971361160211e-03 1.058859201437335230e-03
7.692357007587972972e-02 1.074191950838323528e-01 1.343126954671978457e-01 1.629208695794714390e-01 1.806934595498181362e-01 1.988492111290594555e-01 2.092232471823684270e-01 2.258204147658872396e-01 2.840079260390054317e-01 3.677370797040820927e-01 4.828303465738176814e-01 6.812342398369440888e-01 9.667002074438254544e-01 1.461722544339371321e+00 2.101024634721763817e+00 2.621811906025239391e+00 3.043276569240119578e+00 3.256033695538329553e+00 3.405395396047952161e+00 3.591092108879960776e+00 -1.071515883399682123e-01 2.945512683192420128e-02 1.186150008943091284e-02
1.267892359330763385e-01 1.564436154982550564e-01 1.820228450252785735e-01 2.072997535616632747e-01 2.167943292108418796e-01 2.335653419568955169e-01 2.354891511480169952e-01 2.450386131319569338e-01 2.943684097379907771e-01 3.738178112473656278e-01 4.856198855663463321e-01 6.858391211345392646e-01 9.775578597812830672e-01 1.486354657320986705e+00 2.155025184600110055e+00 2.704474760472692196e+00 3.154988200380446806e+00 3.405395396047952161e+00 3.625120104679826039e+00 3.859828937919035585e+00 -1.723816125621466244e-01 6.797726434946005369e-02 2.742058901425435680e-02
1.716958086688575302e-01 2.012182430040743708e-01 2.261651054027795371e-01 2.489140221837699840e-01 2.511035654582516319e-01 2.672752379706226367e-01 2.617307882652256668e-01 2.648237104812079523e-01 3.059892781257011474e-01 3.816498821252729545e-01 4.909287387614982845e-01 6.941465069885570660e-01 9.939395427226942470e-01 1.519078678743651434e+00 2.221014762850141544e+00 2.803694215101145915e+00 3.292756485548448797e+00 3.591092108879960776e+00 3.859828937919035585e+00 4.142894947141934736e+00 -2.265983736107637092e-01 9.420512289249111104e-02 3.759555932186993410e-02
-2.668241842200712033e-01 -2.527939933264713446e-01 -2.302884972865150426e-01 -1.983605738329828894e-01 -1.376998550547981759e-01 -1.238676526795472188e-01 -7.848200038021097003e-02 -5.661206579369944258e-02 -2.549960719802961753e-02 -9.388552100165434636e-03 -2.685337201703249035e-03 -3.099349750201229204e-03 1.331274017370827518e-02 3.014327842086510917e-02 7.624496844773412385e-02 1.911257117244336001e-02 -4.364777087563632973e-02 -1.071515883399682123e-01 -1.723816125621466244e-01 -2.265983736107637092e-01 1.059363581088551998e+00 -8.408448182898173306e-02 4.507097696628783318e-02
5.887915735395689021e-01 5.821254515586293810e-01 5.802066972875186135e-01 5.845436973576182416e-01 5.813224965749349549e-01 5.813902636093993825e-01 5.638271171505024881e-01 5.473001649530611079e-01 4.987724326882730930e-01 4.632371098441465662e-01 4.228150616672709527e-01 3.710804807588650722e-01 3.292116034451716966e-01 2.234181616563969963e-01 1.611508571820435276e-01 4.611475150573332571e-02 1.342082971361160211e-03 2.945512683192420128e-02 6.797726434946005369e-02 9.420512289249111104e-02 -8.408448182898173306e-02 1.134563043755284273e+00 6.175717971405598750e-01
2.699309432368928729e-01 2.732840485533475916e-01 2.804670040237024486e-01 2.915861828533228839e-01 3.005472176476530199e-01 3.077496051154460233e-01 3.057000941248110837e-01 2.995684559557220683e-01 2.782671773373320279e-01 2.611397167055619084e-01 2.408206322804540278e-01 2.128977157644524609e-01 1.888592500303536703e-01 1.194729363611677503e-01 8.847909671561139666e-02 2.532181767744263665e-02 1.058859201437335230e-03 1.186150008943091284e-02 2.742058901425435680e-02 3.759555932186993410e-02 4.507097696628783318e-02 6.175717971405598750e-01 3.666052691852830780e-01
